-- output-1)

 (02,1502)
(03,10596)
(05,14842)
(06,64329)
(07,11105)
(09,445)
(10,1551)
(11,13757)
(12,27)
(13,57)
(14,31301)
(15,3694)
(16,1787)
(17,1126)
(18,25207)
(19,434)
(20,1267)
(22,371)
(24,4046)
(26,29474)
(01A,533)
(01B,6)
(04A,4994)
(04B,7711)
(08A,14167)
(08B,46938)
(,1)


--------------------------------------------------------------------

-- output-2)

(4592)


--------------------------------------------------------------------

-- output-3)
(001,1124)
(002,227)
(003,162)
(004,230)
(005,286)
(006,652)
(007,176)
(008,471)
(009,320)
(010,170)
(011,178)
(012,360)
(014,228)
(015,115)
(016,177)
(017,237)
(018,734)
(019,501)
(020,244)
(022,220)
(024,226)
(025,596)
 

---------------------------------------------------------------------
-- output-4)

(65028)



----------------------------------------------------------------------


























